d=0, wr=0
GPIO[32] intr, val: 1
FIFO ENTRIES = 1026
GPIO[33] intr, val: 1
FIFO ENTRIES = 1026
rd=0, wr=2052
[0]    -48
[0]  -2760
[0]    844
[0]    -84
[0]      0
[0]   4108
[0]  -1004
[0]    224
[0]    328
[0]    -88
[0]     -4
[0]   4120
[0]   -412
[0]   -128
[0]   -140
[0]    -88
[0]     -4
[0]   4120
[0]   -252
[0]   -440
[0]   -236
[0]    -84
[0]     -4
[0]   4116
[0]   -248
[0]   -444
[0]   -240
[0]    -88
[0]     -4
[0]   4116
[0]   -248
[0]   -440
[0]   -240
[0]    -88
[0]     -4
[0]   4116
[0]   -252
[0]   -444
[0]   -236
[0]    -88
[0]      0
[0]   4112
[0]   -252
[0]   -444
[0]   -232
[0]    -88
[0]     -4
[0]   4112
[0]   -252
[0]   -444
[0]   -240
[0]    -88
[0]     -4
[0]   4112
[0]   -252
[0]   -444
[0]   -236
[0]    -88
[0]     -4
[0]   4108
[0]   -248
[0]   -444
[0]   -240
[0]    -88
[0]      0
[0]   4108
[0]   -252
[0]   -444
[0]   -240
[0]    -88
[0]     -4
[0]   4108
[0]   -252
[0]   -444
[0]   -240
[0]    -84
[0]     -4
[0]   4108
[0]   -252
[0]   -444
[0]   -236
[0]    -88
[0]     -4
[0]   4108
[0]   -256
[0]   -440
[0]   -236
[0]    -88
[0]     -4
[0]   4108
[0]   -252
[0]   -440
[0]   -236
[0]    -92
[0]     -4
[0]   4104
[0]   -248
[0]   -440
[0]   -236
[0]    -88
[0]      0
[0]   4104
[0]   -252
[0]   -444
[0]   -236
[0]    -88
[0]     -4
[0]   4108
[0]   -252
[0]   -444
[0]   -236
[0]    -84
[0]     -4
[0]   4104
[0]   -252
[0]   -440
[0]   -236
[0]    -88
[0]     -4
[0]   4104
[0]   -252
[0]   -440
[0]   -236
[0]    -88
[0]     -4
[0]   4104
[0]   -252
[0]   -440
[0]   -240
[0]    -88
[0]     -4
[0]   4100
[0]   -252
[0]   -444
[0]   -240
[0]    -88
[0]     -4
[0]   4104
[0]   -252
[0]   -444
[0]   -240
[0]    -88
[0]     -4
[0]   4104
[0]   -252
[0]   -440
[0]   -240
[0]    -88
[0]     -4
[0]   4104
[0]   -252
[0]   -440
[0]   -240
[0]    -88
[0]     -4
[0]   4104
[0]   -252
[0]   -444
[0]   -240
[0]    -88
[0]     -4
[0]   4100
[0]   -252
[0]   -444
[0]   -236
[0]    -88
[0]     -4
[0]   4104
[0]   -252
[0]   -444
[0]   -236
[0]    -84
[0]     -4
[0]   4100
[0]   -252
[0]   -444
[0]   -236
[0]    -88
[0]     -4
[0]   4104
[0]   -252
[0]   -444
[0]   -236
[0]    -84
[0]      0
[0]   4100
[0]   -248
[0]   -444
[0]   -236
[0]    -84
[0]     -4
[0]   4100
[0]   -248
[0]   -440
[0]   -236
[0]    -88
[0]     -4
[0]   4100
[0]   -252
[0]   -444
[0]   -236
[0]    -84
[0]     -4
[0]   4100
[0]   -256
[0]   -444
[0]   -236
[0]    -88
[0]     -4
[0]   4100
[0]   -252
[0]   -444
[0]   -240
[0]    -84
[0]      0
[0]   4100
[0]   -252
[0]   -444
[0]   -236
[0]    -84
[0]      0
[0]   4100
[0]   -252
[0]   -440
[0]   -236
[0]    -88
[0]     -4
[0]   4100
[0]   -252
[0]   -440
[0]   -236
[0]    -88
[0]     -4
[0]   4100
[0]   -252
[0]   -444
[0]   -236
[0]    -88
[0]     -4
[0]   4100
[0]   -252
[0]   -444
[0]   -236
[0]    -88
[0]     -4
[0]   4096
[0]   -252
[0]   -444
[0]   -240
[0]    -88
[0]      0
[0]   4096
[0]   -256
[0]   -440
[0]   -236
[0]    -84
[0]     -4
[0]   4096
[0]   -252
[0]   -444
[0]   -236
[0]    -84
[0]     -4
[0]   4096
[0]   -252
[0]   -444
[0]   -236
[0]    -88
[0]     -4
[0]   4096
[0]   -248
[0]   -444
[0]   -240
[0]    -88
[0]     -4
[0]   4100
[0]   -248
[0]   -444
[0]   -236
[0]    -84
[0]     -4
[0]   4092
[0]   -252
[0]   -440
[0]   -236
[0]    -84
[0]     -4
[0]   4096
[0]   -252
[0]   -444
[0]   -236
[0]    -88
[0]     -8
[0]   4100
[0]   -252
[0]   -444
[0]   -236
[0]    -88
[0]     -4
[0]   4096
[0]   -252
[0]   -444
[0]   -236
[0]    -92
[0]     -8
[0]   4096
[0]   -248
[0]   -444
[0]   -240
[0]    -84
[0]     -4
[0]   4096
[0]   -252
[0]   -444
[0]   -240
[0]    -88
[0]     -4
[0]   4096
[0]   -256
[0]   -440
[0]   -240
[0]    -88
[0]     -4
[0]   4096
[0]   -252
[0]   -444
[0]   -236
[0]    -84
[0]     -4
[0]   4096
[0]   -256
[0]   -444
[0]   -236
[0]    -84
[0]     -4
[0]   4096
[0]   -252
[0]   -444
[0]   -236
[0]    -88
[0]     -4
[0]   4096
[0]   -252
[0]   -440
[0]   -236
[0]    -88
[0]     -4
[0]   4096
[0]   -248
[0]   -444
[0]   -236
[0]    -88
[0]     -4
[0]   4096
[0]   -252
[0]   -444
[0]   -236
[0]    -88
[0]     -4
[0]   4096
[0]   -252
[0]   -440
[0]   -236
[0]    -88
[0]     -4
[0]   4096
[0]   -252
[0]   -440
[0]   -236
[0]    -92
[0]     -4
[0]   4096
[0]   -252
[0]   -440
[0]   -236
[0]    -88
[0]     -4
[0]   4096
[0]   -252
[0]   -440
[0]   -240
[0]    -84
[0]     -4
[0]   4096
[0]   -252
[0]   -444
[0]   -236
[0]    -88
[0]     -4
[0]   4096
[0]   -252
[0]   -444
[0]   -236
[0]    -88
[0]     -4
[0]   4096
[0]   -252
[0]   -440
[0]   -236
[0]    -88
[0]     -4
[0]   4096
[0]   -252
[0]   -440
[0]   -236
[0]    -88
[0]     -4
[0]   4092
[0]   -252
[0]   -444
[0]   -236
[0]    -88
[0]     -4
[0]   4096
[0]   -252
[0]   -444
[0]   -236
[0]    -88
[0]     -4
[0]   4096
[0]   -252
[0]   -444
[0]   -240
[0]    -84
[0]     -4
[0]   4096
[0]   -252
[0]   -444
[0]   -240
[0]    -88
[0]     -4
[0]   4100
[0]   -252
[0]   -440
[0]   -236
[0]    -88
[0]     -4
[0]   4096
[0]   -252
[0]   -444
[0]   -236
[0]    -88
[0]     -4
[0]   4096
[0]   -252
[0]   -440
[0]   -236
[0]    -88
[0]     -8
[0]   4096
[0]   -252
[0]   -444
[0]   -240
[0]    -84
[0]     -4
[0]   4096
[0]   -252
[0]   -444
[0]   -240
[0]    -88
[0]     -4
[0]   4096
[0]   -256
[0]   -444
[0]   -240
[0]    -88
[0]     -4
[0]   4096
[0]   -252
[0]   -444
[0]   -236
[0]    -88
[0]     -4
[0]   4096
[0]   -252
[0]   -440
[0]   -236
[0]    -84
[0]     -8
[0]   4096
[0]   -252
[0]   -440
[0]   -236
[0]    -88
[0]     -4
[0]   4096
[0]   -252
[0]   -444
[0]   -240
[0]    -88
[0]     -4
[0]   4092
[0]   -252
[0]   -444
[0]   -240
[0]    -88
[0]     -4
[0]   4096
[0]   -252
[0]   -444
[0]   -240
[0]    -88
[0]     -4
[0]   4092
[0]   -252
[0]   -444
[0]   -236
[0]    -88
[0]     -8
[0]   4096
[0]   -252
[0]   -444
[0]   -236
[0]    -88
[0]     -4
[0]   4100
[0]   -252
[0]   -444
[0]   -240
[0]    -92
[0]     -4
[0]   4096
[0]   -252
[0]   -444
[0]   -240
[0]    -84
[0]      0
[0]   4096
[0]   -252
[0]   -444
[0]   -240
[0]    -88
[0]     -4
[0]   4092
[0]   -252
[0]   -444
[0]   -236
[0]    -88
[0]     -4
[0]   4096
[0]   -256
[0]   -444
[0]   -236
[0]    -88
[0]     -8
[0]   4096
[0]   -252
[0]   -444
[0]   -240
[0]    -88
[0]     -4
[0]   4096
[0]   -252
[0]   -444
[0]   -240
[0]    -88
[0]     -4
[0]   4092
[0]   -256
[0]   -444
[0]   -240
[0]    -84
[0]     -4
[0]   4092
[0]   -252
[0]   -440
[0]   -236
[0]    -84
[0]     -8
[0]   4096
[0]   -256
[0]   -444
[0]   -236
[0]    -84
[0]     -4
[0]   4096
[0]   -252
[0]   -444
[0]   -236
[0]    -88
[0]     -4
[0]   4092
[0]   -252
[0]   -444
[0]   -236
[0]    -88
[0]     -4
[0]   4096
[0]   -252
[0]   -444
[0]   -236
[0]    -92
[0]     -4
[0]   4096
[0]   -252
[0]   -448
[0]   -236
[0]    -88
[0]     -4
[0]   4096
[0]   -252
[0]   -444
[0]   -240
[0]    -84
[0]     -8
[0]   4092
[0]   -252
[0]   -440
[0]   -240
[0]    -84
[0]     -4
[0]   4092
[0]   -252
[0]   -444
[0]   -240
[0]    -88
[0]     -4
[0]   4096
[0]   -248
[0]   -444
[0]   -236
[0]    -88
[0]     -4
[0]   4096
[0]   -248
[0]   -444
[0]   -236
[0]    -84
[0]     -4
[0]   4096
[0]   -252
[0]   -444
[0]   -240
[0]    -88
[0]     -4
[0]   4092
[0]   -252
[0]   -444
[0]   -240
[0]    -84
[0]     -4
[0]   4096
[0]   -252
[0]   -440
[0]   -236
[0]    -88
[0]     -4
[0]   4092
[0]   -252
[0]   -444
[0]   -236
[0]    -88
[0]     -4
[0]   4096
[0]   -252
[0]   -444
[0]   -236
[0]    -92
[0]     -4
[0]   4096
[0]   -252
[0]   -444
[0]   -236
[0]    -84
[0]     -8
[0]   4092
[0]   -252
[0]   -444
[0]   -236
[0]    -84
[0]     -4
[0]   4096
[0]   -252
[0]   -444
[0]   -236
[0]    -84
[0]     -4
[0]   4096
[0]   -252
[0]   -444
[0]   -236
[0]    -84
[0]     -4
[0]   4096
[0]   -252
[0]   -444
[0]   -236
[0]    -88
[0]     -4
[0]   4096
[0]   -252
[0]   -444
[0]   -236
[0]    -92
[0]     -8
[0]   4096
[0]   -252
[0]   -444
[0]   -236
[0]    -88
[0]     -4
[0]   4092
[0]   -252
[0]   -444
[0]   -240
[0]    -84
[0]     -4
[0]   4096
[0]   -252
[0]   -444
[0]   -236
[0]    -88
[0]      0
[0]   4096
[0]   -252
[0]   -444
[0]   -236
[0]    -84
[0]     -8
[0]   4096
[0]   -256
[0]   -444
[0]   -236
[0]    -88
[0]     -8
[0]   4092
[0]   -252
[0]   -440
[0]   -240
[0]    -88
[0]     -8
[0]   4096
[0]   -252
[0]   -444
[0]   -240
[0]    -88
[0]     -4
[0]   4096
[0]   -252
[0]   -444
[0]   -240
[0]    -84
[0]      0
[0]   4092
[0]   -252
[0]   -444
[0]   -236
[0]    -84
[0]     -4
[0]   4096
[0]   -252
[0]   -444
[0]   -236
[0]    -84
[0]     -8
[0]   4096
[0]   -252
[0]   -444
[0]   -236
[0]    -88
[0]     -8
[0]   4096
[0]   -252
[0]   -444
[0]   -236
[0]    -88
[0]     -4
[0]   4096
[0]   -252
[0]   -444
[0]   -236
[0]    -84
[0]     -4
[0]   4096
[0]   -252
[0]   -444
[0]   -236
[0]    -88
[0]     -4
[0]   4096
[0]   -252
[0]   -444
[0]   -240
[0]    -84
[0]     -4
[0]   4096
[0]   -256
[0]   -444
[0]   -236
[0]    -84
[0]     -8
[0]   4096
[0]   -252
[0]   -444
[0]   -236
[0]    -84
[0]     -4
[0]   4096
[0]   -252
[0]   -444
[0]   -236
[0]    -88
[0]     -8
[0]   4096
[0]   -256
[0]   -440
[0]   -236
[0]    -88
[0]     -4
[0]   4096
[0]   -256
[0]   -436
[0]   -240
[0]    -84
[0]     -4
[0]   4096
[0]   -252
[0]   -440
[0]   -236
[0]    -84
[0]     -4
[0]   4096
[0]   -252
[0]   -440
[0]   -236
[0]    -88
[0]     -4
[0]   4092
[0]   -252
[0]   -444
[0]   -236
[0]    -88
[0]     -4
[0]   4096
[0]   -252
[0]   -444
[0]   -236
[0]    -88
[0]     -4
[0]   4096
[0]   -252
[0]   -444
[0]   -240
[0]    -88
[0]     -4
[0]   4096
[0]   -248
[0]   -440
[0]   -240
[0]    -88
[0]     -4
[0]   4092
[0]   -252
[0]   -444
[0]   -240
[0]    -88
[0]     -4
[0]   4096
[0]   -252
[0]   -444
[0]   -236
[0]    -84
[0]     -4
[0]   4096
[0]   -252
[0]   -440
[0]   -236
[0]    -84
[0]     -4
[0]   4096
[0]   -252
[0]   -444
[0]   -236
[0]    -88
[0]     -4
[0]   4096
[0]   -252
[0]   -444
[0]   -240
[0]    -88
[0]     -8
[0]   4096
[0]   -252
[0]   -444
[0]   -240
[0]    -88
[0]     -4
[0]   4100
[0]   -252
[0]   -444
[0]   -240
[0]    -88
[0]     -4
[0]   4100
[0]   -252
[0]   -440
[0]   -236
[0]    -92
[0]     -4
[0]   4092
[0]   -252
[0]   -444
[0]   -236
[0]    -88
[0]     -4
[0]   4096
[0]   -252
[0]   -444
[0]   -236
[0]    -88
[0]     -4
[0]   4092
[0]   -252
[0]   -444
[0]   -236
[0]    -88
[0]     -4
[0]   4096
[0]   -256
[0]   -448
[0]   -236
[0]    -88
[0]     -4
[0]   4096
[0]   -252
[0]   -448
[0]   -236
[0]    -88
[0]     -4
[0]   4096
[0]   -252
[0]   -444
[0]   -236
[0]    -88
[0]     -4
[0]   4096
[0]   -252
[0]   -444
[0]   -236
[0]    -88
[0]     -4
[0]   4092
[0]   -252
[0]   -444
[0]   -240
[0]    -88
[0]     -4
[0]   4092
[0]   -252
[0]   -444
[0]   -240
[0]    -84
[0]     -4
[0]   4096
[0]   -252
[0]   -444
[0]   -240
[0]    -88
[0]     -4
[0]   4096
[0]   -252
[0]   -444
[0]   -236
[0]    -84
[0]     -4
[0]   4092
[0]   -252
[0]   -444
[0]   -236
[0]    -88
[0]     -4
[0]   4096
[0]   -248
[0]   -444
[0]   -236
[0]    -92
[0]     -4
[0]   4096
[0]   -252
[0]   -444
[0]   -236
[0]    -88
[0]     -4
[0]   4100
[0]   -252
[0]   -440
[0]   -240
[0]    -88
[0]     -4
[0]   4092
[0]   -252
[0]   -444
[0]   -240
[0]    -84
[0]     -4
[0]   4092
[0]   -252
[0]   -444
[0]   -240
[0]    -88
[0]     -4
[0]   4096
[0]   -252
[0]   -444
[0]   -240
[0]    -84
[0]     -4
[0]   4092
[0]   -252
[0]   -444
[0]   -236
[0]    -88
[0]     -4
[0]   4096
[0]   -252
[0]   -444
[0]   -236
[0]    -88
[0]     -8
[0]   4092
[0]   -248
[0]   -444
[0]   -240
[0]    -84
[0]     -4
[0]   4096
[1]   1088
[1]  -2864
[1]   -256
[1]    -68
[1]   -116
[1]   4404
[1]     20
[1]    -84
[1]    312
[1]    -76
[1]   -120
[1]   4416
[1]     -4
[1]     28
[1]    196
[1]    -76
[1]   -120
[1]   4416
[1]    100
[1]   -228
[1]    148
[1]    -72
[1]   -124
[1]   4412
[1]    100
[1]   -228
[1]    148
[1]    -72
[1]   -124
[1]   4412
[1]    100
[1]   -228
[1]    148
[1]    -72
[1]   -120
[1]   4412
[1]    104
[1]   -224
[1]    144
[1]    -72
[1]   -120
[1]   4408
[1]    100
[1]   -224
[1]    144
[1]    -72
[1]   -120
[1]   4404
[1]    100
[1]   -224
[1]    148
[1]    -76
[1]   -124
[1]   4404
[1]    100
[1]   -224
[1]    148
[1]    -76
[1]   -124
[1]   4404
[1]    100
[1]   -228
[1]    144
[1]    -76
[1]   -120
[1]   4404
[1]    100
[1]   -228
[1]    144
[1]    -72
[1]   -124
[1]   4404
[1]    100
[1]   -228
[1]    144
[1]    -72
[1]   -124
[1]   4404
[1]    104
[1]   -228
[1]    148
[1]    -72
[1]   -124
[1]   4400
[1]    100
[1]   -228
[1]    148
[1]    -72
[1]   -124
[1]   4400
[1]    100
[1]   -228
[1]    144
[1]    -76
[1]   -124
[1]   4400
[1]    100
[1]   -228
[1]    148
[1]    -76
[1]   -120
[1]   4400
[1]    100
[1]   -228
[1]    144
[1]    -72
[1]   -124
[1]   4400
[1]    100
[1]   -228
[1]    148
[1]    -72
[1]   -124
[1]   4400
[1]    104
[1]   -228
[1]    148
[1]    -68
[1]   -124
[1]   4396
[1]    100
[1]   -228
[1]    144
[1]    -76
[1]   -120
[1]   4400
[1]    100
[1]   -228
[1]    144
[1]    -76
[1]   -120
[1]   4396
[1]    104
[1]   -224
[1]    144
[1]    -72
[1]   -124
[1]   4396
[1]    100
[1]   -228
[1]    144
[1]    -72
[1]   -124
[1]   4396
[1]    104
[1]   -224
[1]    144
[1]    -72
[1]   -124
[1]   4396
[1]    100
[1]   -228
[1]    148
[1]    -72
[1]   -120
[1]   4396
[1]    100
[1]   -228
[1]    148
[1]    -76
[1]   -120
[1]   4396
[1]    100
[1]   -228
[1]    148
[1]    -76
[1]   -124
[1]   4396
[1]    100
[1]   -228
[1]    144
[1]    -72
[1]   -124
[1]   4396
[1]    104
[1]   -228
[1]    148
[1]    -72
[1]   -120
[1]   4392
[1]    104
[1]   -228
[1]    144
[1]    -72
[1]   -120
[1]   4396
[1]    100
[1]   -228
[1]    148
[1]    -72
[1]   -120
[1]   4396
[1]    100
[1]   -224
[1]    148
[1]    -76
[1]   -124
[1]   4392
[1]    100
[1]   -228
[1]    144
[1]    -76
[1]   -124
[1]   4396
[1]    100
[1]   -228
[1]    144
[1]    -72
[1]   -124
[1]   4396
[1]    100
[1]   -224
[1]    144
[1]    -72
[1]   -124
[1]   4396
[1]    100
[1]   -228
[1]    144
[1]    -76
[1]   -120
[1]   4392
[1]    100
[1]   -228
[1]    144
[1]    -76
[1]   -124
[1]   4392
[1]    104
[1]   -228
[1]    144
[1]    -72
[1]   -124
[1]   4392
[1]    104
[1]   -224
[1]    144
[1]    -76
[1]   -124
[1]   4392
[1]    104
[1]   -228
[1]    144
[1]    -72
[1]   -124
[1]   4392
[1]    104
[1]   -228
[1]    144
[1]    -72
[1]   -120
[1]   4392
[1]    100
[1]   -228
[1]    148
[1]    -72
[1]   -124
[1]   4392
[1]    100
[1]   -224
[1]    148
[1]    -72
[1]   -124
[1]   4392
[1]    104
[1]   -228
[1]    148
[1]    -76
[1]   -124
[1]   4392
[1]    100
[1]   -228
[1]    148
[1]    -72
[1]   -120
[1]   4392
[1]    100
[1]   -228
[1]    144
[1]    -72
[1]   -120
[1]   4392
[1]    100
[1]   -228
[1]    144
[1]    -72
[1]   -124
[1]   4392
[1]    100
[1]   -228
[1]    148
[1]    -72
[1]   -124
[1]   4392
[1]    104
[1]   -228
[1]    148
[1]    -72
[1]   -124
[1]   4392
[1]    104
[1]   -228
[1]    144
[1]    -76
[1]   -124
[1]   4392
[1]    104
[1]   -228
[1]    144
[1]    -72
[1]   -124
[1]   4388
[1]    100
[1]   -228
[1]    144
[1]    -72
[1]   -120
[1]   4392
[1]    100
[1]   -228
[1]    148
[1]    -72
[1]   -124
[1]   4392
[1]    104
[1]   -228
[1]    144
[1]    -68
[1]   -120
[1]   4392
[1]    104
[1]   -228
[1]    148
[1]    -76
[1]   -124
[1]   4392
[1]    104
[1]   -228
[1]    148
[1]    -76
[1]   -120
[1]   4392
[1]    104
[1]   -228
[1]    144
[1]    -72
[1]   -124
[1]   4392
[1]    100
[1]   -228
[1]    144
[1]    -72
[1]   -124
[1]   4392
[1]    100
[1]   -228
[1]    148
[1]    -72
[1]   -120
[1]   4388
[1]    104
[1]   -228
[1]    144
[1]    -76
[1]   -124
[1]   4392
[1]    104
[1]   -228
[1]    144
[1]    -76
[1]   -120
[1]   4392
[1]    104
[1]   -228
[1]    144
[1]    -76
[1]   -124
[1]   4392
[1]    104
[1]   -228
[1]    148
[1]    -72
[1]   -124
[1]   4388
[1]    100
[1]   -228
[1]    144
[1]    -76
[1]   -120
[1]   4388
[1]    104
[1]   -228
[1]    144
[1]    -76
[1]   -124
[1]   4388
[1]    104
[1]   -228
[1]    148
[1]    -72
[1]   -120
[1]   4392
[1]    100
[1]   -228
[1]    148
[1]    -76
[1]   -124
[1]   4388
[1]    100
[1]   -228
[1]    148
[1]    -76
[1]   -120
[1]   4388
[1]    100
[1]   -228
[1]    144
[1]    -76
[1]   -120
[1]   4388
[1]    100
[1]   -228
[1]    144
[1]    -72
[1]   -124
[1]   4388
[1]    104
[1]   -228
[1]    148
[1]    -72
[1]   -120
[1]   4392
[1]    104
[1]   -228
[1]    148
[1]    -76
[1]   -120
[1]   4388
[1]    104
[1]   -228
[1]    144
[1]    -76
[1]   -124
[1]   4388
[1]    100
[1]   -224
[1]    144
[1]    -76
[1]   -124
[1]   4388
[1]    100
[1]   -224
[1]    144
[1]    -72
[1]   -124
[1]   4388
[1]    100
[1]   -224
[1]    144
[1]    -72
[1]   -124
[1]   4392
[1]    100
[1]   -228
[1]    144
[1]    -72
[1]   -120
[1]   4392
[1]    104
[1]   -228
[1]    148
[1]    -72
[1]   -124
[1]   4388
[1]    104
[1]   -224
[1]    148
[1]    -76
[1]   -124
[1]   4388
[1]    100
[1]   -228
[1]    144
[1]    -72
[1]   -124
[1]   4388
[1]    104
[1]   -228
[1]    144
[1]    -72
[1]   -120
[1]   4388
[1]    100
[1]   -228
[1]    144
[1]    -72
[1]   -120
[1]   4388
[1]    100
[1]   -228
[1]    148
[1]    -72
[1]   -124
[1]   4388
[1]    104
[1]   -228
[1]    148
[1]    -76
[1]   -124
[1]   4388
[1]    100
[1]   -228
[1]    144
[1]    -76
[1]   -128
[1]   4392
[1]    100
[1]   -228
[1]    148
[1]    -72
[1]   -124
[1]   4388
[1]    100
[1]   -228
[1]    148
[1]    -76
[1]   -120
[1]   4392
[1]    100
[1]   -228
[1]    148
[1]    -72
[1]   -124
[1]   4392
[1]    100
[1]   -228
[1]    144
[1]    -72
[1]   -124
[1]   4388
[1]    104
[1]   -228
[1]    144
[1]    -72
[1]   -124
[1]   4392
[1]    100
[1]   -228
[1]    144
[1]    -76
[1]   -120
[1]   4388
[1]    100
[1]   -228
[1]    144
[1]    -72
[1]   -120
[1]   4392
[1]    100
[1]   -228
[1]    148
[1]    -72
[1]   -124
[1]   4392
[1]    100
[1]   -228
[1]    148
[1]    -72
[1]   -120
[1]   4392
[1]    104
[1]   -228
[1]    144
[1]    -72
[1]   -124
[1]   4392
[1]    100
[1]   -228
[1]    144
[1]    -76
[1]   -124
[1]   4388
[1]    100
[1]   -228
[1]    148
[1]    -76
[1]   -124
[1]   4388
[1]    104
[1]   -228
[1]    148
[1]    -72
[1]   -124
[1]   4392
[1]    104
[1]   -228
[1]    144
[1]    -72
[1]   -124
[1]   4392
[1]    104
[1]   -228
[1]    144
[1]    -72
[1]   -124
[1]   4388
[1]    100
[1]   -228
[1]    148
[1]    -76
[1]   -120
[1]   4388
[1]    100
[1]   -228
[1]    148
[1]    -76
[1]   -124
[1]   4388
[1]    100
[1]   -228
[1]    144
[1]    -76
[1]   -120
[1]   4388
[1]    100
[1]   -228
[1]    144
[1]    -72
[1]   -124
[1]   4388
[1]    100
[1]   -228
[1]    148
[1]    -72
[1]   -120
[1]   4388
[1]    104
[1]   -228
[1]    148
[1]    -76
[1]   -120
[1]   4388
[1]    100
[1]   -228
[1]    148
[1]    -76
[1]   -120
[1]   4388
[1]    104
[1]   -228
[1]    148
[1]    -76
[1]   -124
[1]   4388
[1]    100
[1]   -228
[1]    148
[1]    -76
[1]   -124
[1]   4392
[1]    100
[1]   -228
[1]    144
[1]    -72
[1]   -124
[1]   4388
[1]    100
[1]   -228
[1]    144
[1]    -72
[1]   -120
[1]   4392
[1]    100
[1]   -228
[1]    148
[1]    -72
[1]   -120
[1]   4388
[1]    100
[1]   -228
[1]    148
[1]    -76
[1]   -124
[1]   4388
[1]    104
[1]   -228
[1]    148
[1]    -76
[1]   -128
[1]   4388
[1]    104
[1]   -224
[1]    148
[1]    -72
[1]   -124
[1]   4392
[1]    100
[1]   -224
[1]    144
[1]    -76
[1]   -120
[1]   4392
[1]    104
[1]   -228
[1]    144
[1]    -72
[1]   -116
[1]   4388
[1]    104
[1]   -228
[1]    148
[1]    -72
[1]   -124
[1]   4388
[1]    100
[1]   -228
[1]    148
[1]    -72
[1]   -124
[1]   4388
[1]    100
[1]   -228
[1]    148
[1]    -76
[1]   -124
[1]   4392
[1]    100
[1]   -228
[1]    144
[1]    -76
[1]   -120
[1]   4384
[1]    100
[1]   -228
[1]    148
[1]    -76
[1]   -120
[1]   4388
[1]    100
[1]   -224
[1]    148
[1]    -72
[1]   -120
[1]   4388
[1]    100
[1]   -228
[1]    148
[1]    -76
[1]   -124
[1]   4388
[1]    100
[1]   -228
[1]    148
[1]    -72
[1]   -124
[1]   4388
[1]    100
[1]   -228
[1]    148
[1]    -76
[1]   -120
[1]   4388
[1]    104
[1]   -228
[1]    148
[1]    -72
[1]   -124
[1]   4388
[1]    104
[1]   -228
[1]    144
[1]    -72
[1]   -120
[1]   4392
[1]    104
[1]   -228
[1]    148
[1]    -76
[1]   -120
[1]   4388
[1]    100
[1]   -228
[1]    144
[1]    -72
[1]   -124
[1]   4388
[1]    104
[1]   -228
[1]    148
[1]    -76
[1]   -124
[1]   4388
[1]    100
[1]   -228
[1]    148
[1]    -76
[1]   -120
[1]   4388
[1]    100
[1]   -228
[1]    144
[1]    -76
[1]   -124
[1]   4388
[1]    100
[1]   -228
[1]    144
[1]    -72
[1]   -124
[1]   4388
[1]    100
[1]   -228
[1]    144
[1]    -72
[1]   -124
[1]   4388
[1]    100
[1]   -228
[1]    148
[1]    -72
[1]   -124
[1]   4388
[1]    100
[1]   -228
[1]    144
[1]    -76
[1]   -120
[1]   4388
[1]    100
[1]   -228
[1]    148
[1]    -72
[1]   -120
[1]   4388
[1]    100
[1]   -228
[1]    148
[1]    -72
[1]   -124
[1]   4388
[1]    104
[1]   -228
[1]    148
[1]    -72
[1]   -124
[1]   4388
[1]    100
[1]   -224
[1]    148
[1]    -72
[1]   -120
[1]   4392
[1]    100
[1]   -228
[1]    148
[1]    -72
[1]   -124
[1]   4388
[1]    100
[1]   -228
[1]    148
[1]    -72
[1]   -124
[1]   4388
[1]    104
[1]   -228
[1]    148
[1]    -80
[1]   -124
[1]   4392
[1]    104
[1]   -228
[1]    144
[1]    -72
[1]   -120
[1]   4388
[1]    100
[1]   -228
[1]    144
[1]    -72
[1]   -124
[1]   4388
[1]    104
[1]   -228
[1]    144
[1]    -72
[1]   -124
[1]   4388
[1]    104
[1]   -228
[1]    148
[1]    -72
[1]   -124
[1]   4388
[1]    104
[1]   -228
[1]    144
[1]    -76
[1]   -124
[1]   4388
[1]    104
[1]   -228
[1]    148
[1]    -72
[1]   -124
[1]   4388
[1]    104
[1]   -228
[1]    148
[1]    -76
[1]   -120
[1]   4392
[1]    100
[1]   -228
[1]    144
[1]    -72
[1]   -124
[1]   4388
[1]    100
[1]   -228
[1]    148
[1]    -72
[1]   -124
[1]   4388
[1]    100
[1]   -228
[1]    148
[1]    -72
[1]   -124
[1]   4388
[1]    104
[1]   -228
[1]    148
[1]    -76
[1]   -120
[1]   4388
[1]    100
[1]   -228
[1]    148
[1]    -76
[1]   -120
[1]   4388
[1]    104
[1]   -224
[1]    144
[1]    -72
[1]   -120
[1]   4388
[1]    100
[1]   -228
[1]    144
[1]    -72
[1]   -124
[1]   4388
[1]    100
[1]   -228
[1]    148
[1]    -72
[1]   -120
[1]   4392
[1]    100
[1]   -228
[1]    148
[1]    -72
[1]   -124
[1]   4388
[1]    104
[1]   -228
[1]    148
[1]    -76
[1]   -124
[1]   4388
[1]    104
[1]   -228
[1]    144
[1]    -76
[1]   -120
[1]   4392
[1]    104
[1]   -228
[1]    144
[1]    -76
[1]   -120
[1]   4392
[1]    104
[1]   -228
[1]    144
[1]    -72
[1]   -124
[1]   4392
[1]    104
[1]   -228
[1]    144
[1]    -72
[1]   -124
[1]   4388
[1]    104
[1]   -228
[1]    148
[1]    -72
[1]   -124
[1]   4392
[1]    104
[1]   -228
[1]    148
[1]    -76
[1]   -120
[1]   4388
[1]    100
[1]   -224
[1]    144
[1]    -76
[1]   -124
[1]   4388
[1]    100
[1]   -228
[1]    144
[1]    -76
[1]   -124
[1]   4392
[1]    100
[1]   -228
[1]    144
[1]    -72
[1]   -120
[1]   4388
rd=2052, wr=2052
rd=2052, wr=2052
rd=2052, wr=2052
GPIO[32] intr, val: 1
FIFO ENTRIES = 1026
GPIO[33] intr, val: 1
FIFO ENTRIES = 1026
